arena:
  w: 1.56
  h: 1.06
  robot_height: 0.16

camera_calibration:
  # Image resolution
  image_height: 600
  image_width: 800

  # Camera focal lenghts
  fx: 1.0855553272377424e+03
  fy: 1.0855553272377424e+03

  # Optical center expressed in pixels
  cx: 4.3498537745896033e+02
  cy: 2.9346116203458502e+02

  # Distortion coefficients
  k1: -2.4511433552149353e-01
  k2: -1.8061067870773645e-01
  k3: 0.0
  p1: -6.0537621198313938e-03
  p2: 8.5233135851174296e-03


