<?xml version="1.0"?>
<opencv_storage>
<calibration_time>"lun 18 gen 2021 12:46:48 CET"</calibration_time>
<nr_of_frames>28</nr_of_frames>
<image_width>800</image_width>
<image_height>600</image_height>
<board_width>9</board_width>
<board_height>6</board_height>
<square_size>25.</square_size>
<fix_aspect_ratio>1.</fix_aspect_ratio>
<!-- flags: +fix_aspectRatio +fix_k3 +fix_k4 +fix_k5 -->
<flags>6274</flags>
<fisheye_model>0</fisheye_model>
<camera_matrix type_id="opencv-matrix">
  <rows>3</rows>
  <cols>3</cols>
  <dt>d</dt>
  <data>
    6.7857402352123086e+02 0. 3.4395202028518418e+02 0.
    6.7857402352123086e+02 2.7990603459103210e+02 0. 0. 1.</data></camera_matrix>
<distortion_coefficients type_id="opencv-matrix">
  <rows>5</rows>
  <cols>1</cols>
  <dt>d</dt>
  <data>
    -2.8943448162531771e-01 5.9998609830672810e-02
    1.1562604664299562e-02 9.6832105925751793e-03 0.</data></distortion_coefficients>
<avg_reprojection_error>7.8933089637022003e-01</avg_reprojection_error>
<per_view_reprojection_errors type_id="opencv-matrix">
  <rows>28</rows>
  <cols>1</cols>
  <dt>f</dt>
  <data>
    1.04600573e+00 7.02784181e-01 4.85329628e-01 4.60260481e-01
    6.53039098e-01 6.27627552e-01 6.08639717e-01 6.41604424e-01
    1.17537057e+00 6.86956048e-01 6.94806337e-01 5.65353155e-01
    7.47115552e-01 6.84593618e-01 3.51744711e-01 4.45653915e-01
    5.97935557e-01 7.75962055e-01 7.71088719e-01 1.15404618e+00
    1.10392010e+00 6.70708299e-01 1.66740108e+00 7.98261106e-01
    5.35355687e-01 6.98413014e-01 6.29664958e-01 8.12100232e-01</data></per_view_reprojection_errors>
<!-- a set of 6-tuples (rotation vector + translation vector) for each view -->
<extrinsic_parameters type_id="opencv-matrix">
  <rows>28</rows>
  <cols>6</cols>
  <dt>d</dt>
  <data>
    -2.2664121572580900e-01 -1.6509295753631054e-01
    1.3520006644635707e+00 2.7651038919250041e+01 1.5280400951407428e+01
    6.3116527815781410e+02 -2.4723050683123282e-01
    -1.6265821035845163e-01 1.3591219020187344e+00
    1.4378445486838132e+02 -8.1248239065341359e+00
    6.6301567963749585e+02 -1.7298104097014533e-01
    -1.4219451251064139e-01 1.3626763714543544e+00
    4.4390894559769549e+02 -7.1654080445673785e+01
    7.1335408933354665e+02 -1.8202342097633575e-01
    -1.3607435191007899e-01 1.3552247972313030e+00
    4.0371543515950992e+02 -2.6311094175389667e+02
    7.1681773364549792e+02 -1.3441868553048680e-01
    -1.5501947522881654e-01 1.3673272277081312e+00
    4.8641299055542697e+02 9.1934994315869304e+01 7.2614270061538434e+02
    -2.7041809346805995e-01 -2.1149750933532371e-01
    1.3543028452641621e+00 3.2424834242092601e+01
    -1.1552657656582322e+02 6.3236707404448055e+02
    -2.5893411010566281e-01 -2.1518079566657872e-01
    1.3562502701188544e+00 1.1068463809790110e+01
    -2.2019686062476114e+02 6.2831023385129629e+02
    -2.8436298832266732e-01 -2.4361660815963490e-01
    1.3552757045374320e+00 -1.2747816272937216e+02
    -1.9224484613535358e+02 5.8671139028897755e+02
    -1.8827395573690156e-01 -1.9273156334399685e-01
    1.3519954298523393e+00 -9.7919643021140672e+01
    -5.1928820906342125e+01 5.8358979089669378e+02
    -2.5310215397019920e-01 -2.2218643785526498e-01
    1.3538996626213899e+00 8.6252007553753600e+01
    -1.4225043959524007e+02 5.9496186355352836e+02
    -1.7262523578410180e-01 -1.4250808704335832e-01
    1.3661509438921802e+00 3.3919896893524032e+02
    -2.1468982167730243e+01 5.6909762604906041e+02
    8.8808672646306808e-01 8.9645037693701496e-02 1.0818451353632379e+00
    2.6545628147550303e+02 -1.7572485646676228e+02
    4.8502299349612701e+02 1.7996153107464860e-01 7.8091985149926879e-02
    -1.5715123400339057e-01 -4.4891270211708935e+01
    -8.5703488723774669e+01 7.1884330638595611e+02
    -3.5631941871747230e-02 2.4668777946609316e-01
    -1.3153157852574227e-01 2.2074339551836792e+02
    -2.3273109293033968e+02 7.4651329659524356e+02
    -5.1040269514428069e-02 5.4389504914560960e-03
    -1.5018916173296773e-01 -3.2488079369319149e+02
    -2.4668045365763811e+02 7.3783222596922224e+02
    1.5540932208704897e-01 3.5416400720721178e-02
    -1.5234628464685357e-01 -3.6115634296006385e+02
    1.8888707081422308e+02 7.0182928183357956e+02 1.1287804131630919e-01
    6.1787772829639282e-03 -1.4664370207984659e-01
    -2.3478441976171644e+02 3.6319773718903257e+01
    4.8591797667677969e+02 1.5069934972375551e-01 1.6977093253883421e-01
    -1.7584690751763674e-01 1.0980224329398182e+02
    6.0732744622176384e+01 4.8106288333218134e+02
    -2.4247281073648912e-02 2.4889215628454554e-03
    -1.5205373301988995e-01 -2.0931416264382889e+02
    -1.2847582926550592e+02 5.0329131209715257e+02
    -7.1594270114357414e-02 -5.6365307169706103e-01
    -1.4124498295423343e-01 -1.9123758459731519e+02
    -1.3223896534984539e+02 4.4197947533356808e+02
    1.9062310385324441e-01 -5.7176108490009314e-01
    -8.0960035299126720e-01 -1.9427173105213180e+02
    -4.2622163519230895e+01 4.2941846594449424e+02
    4.5617457366345920e-01 -1.0324894074992619e+00
    4.0122268969006003e-02 -1.2883867141349364e+02
    -1.1920308669741665e+02 3.9334812230729460e+02
    4.5013328516026846e-01 -1.2573758521709716e-01
    2.4164893892995642e-01 -1.7580134148066574e+02
    -1.5642749953661126e+02 4.4466572433008986e+02
    3.9191252026143591e-01 -2.0449576087991351e-02
    2.1399644832162812e-01 8.2922232712429491e+01
    -1.2853147798591459e+02 4.5665019597390085e+02
    4.1305158464538549e-01 -4.4797587014684156e-02
    2.0741604267250924e-01 1.9568279038879911e+02 1.0064273896551434e+02
    5.3533291639905860e+02 2.5121845086117645e-01 5.9321555899436162e-01
    3.3306932217802321e-01 1.6450005565026126e+02
    -2.3453342133769996e+02 6.3782075903156340e+02
    2.8928494614900774e-01 5.8886958832228919e-01 3.3041288295506582e-01
    1.5211106260654404e+02 2.2376039024703182e+01 6.1985183478772080e+02
    1.4324527437286178e-01 1.2378660501352354e+00 4.2217154949053398e-01
    1.6877984576731896e+02 -3.0931345606693856e+01
    5.6872174814341588e+02</data></extrinsic_parameters>
